0 1
0 2
0 3
0 4
0 5
0 6
0 7
0 8
0 9
0 10
0 11
0 12
0 13
0 14
0 15
0 16
0 17
0 18
0 19
0 20
0 21
0 22
0 23
1 2
1 5
1 6
1 7
1 8
1 10
1 11
1 12
1 13
1 15
1 16
1 18
1 19
1 20
1 21
1 22
1 23
1 36
1 49
1 50
1 51
1 52
1 53
1 54
1 55
1 56
1 57
1 58
1 59
1 60
1 61
1 62
1 63
1 64
1 65
1 66
1 67
1 68
1 69
1 70
1 71
1 72
1 73
1 74
1 75
1 76
1 77
1 78
2 5
2 6
2 7
2 8
2 10
2 11
2 13
2 15
2 16
2 19
2 20
2 21
2 22
2 23
2 36
2 49
2 50
2 51
2 52
2 53
2 54
2 55
2 56
2 57
2 58
2 59
2 60
2 61
2 62
2 63
2 64
2 65
2 66
2 67
2 68
2 69
2 70
2 71
2 73
2 74
2 75
2 76
2 77
2 78
2 79
2 80
2 81
3 4
3 5
3 8
3 10
3 11
3 12
3 13
3 17
3 18
3 24
3 26
3 28
3 35
3 36
3 45
3 47
3 48
3 60
3 78
3 102
3 103
3 104
4 5
4 8
4 9
4 10
4 11
4 12
4 13
4 14
4 15
4 17
4 18
4 20
4 49
4 51
4 105
4 106
4 107
4 108
5 6
5 7
5 8
5 10
5 11
5 12
5 13
5 16
5 17
5 18
5 20
5 21
5 22
5 23
5 36
5 37
5 44
5 45
5 46
5 49
5 50
5 51
5 52
5 53
5 54
5 55
5 56
5 57
5 58
5 59
5 60
5 61
5 62
5 63
5 64
5 65
5 66
5 67
5 68
5 69
5 70
5 71
5 73
5 74
5 75
5 76
5 77
5 78
5 110
5 116
5 117
5 118
5 119
5 120
5 121
6 7
6 8
6 10
6 11
6 13
6 15
6 16
6 19
6 20
6 21
6 22
6 23
6 28
6 34
6 36
6 39
6 41
6 49
6 50
6 51
6 52
6 53
6 54
6 55
6 56
6 57
6 58
6 59
6 60
6 61
6 62
6 63
6 64
6 65
6 66
6 67
6 68
6 69
6 70
6 71
6 73
6 74
6 75
6 76
6 77
6 78
6 111
6 114
6 123
6 129
6 137
6 140
7 8
7 10
7 11
7 12
7 13
7 15
7 16
7 19
7 20
7 21
7 22
7 23
7 28
7 32
7 34
7 36
7 37
7 39
7 41
7 44
7 45
7 46
7 49
7 50
7 51
7 52
7 53
7 54
7 55
7 56
7 57
7 58
7 59
7 60
7 61
7 62
7 63
7 64
7 65
7 66
7 67
7 68
7 69
7 70
7 71
7 73
7 74
7 75
7 76
7 77
7 78
7 79
7 80
7 81
7 110
7 111
7 114
7 116
7 117
7 118
7 119
7 120
7 121
7 129
7 132
7 133
7 137
7 139
7 140
7 156
8 10
8 11
8 12
8 13
8 15
8 16
8 17
8 18
8 19
8 21
8 22
8 23
8 49
8 50
8 51
8 52
8 53
8 54
8 55
8 56
8 58
8 61
8 66
8 67
8 68
8 70
8 71
8 73
8 74
8 75
8 76
8 77
8 79
8 80
8 81
9 14
9 15
9 38
9 56
9 78
9 103
9 147
9 155
10 11
10 12
10 13
10 15
10 16
10 17
10 18
10 19
10 21
10 22
10 23
10 34
10 37
10 38
10 44
10 45
10 46
10 47
10 49
10 50
10 51
10 52
10 53
10 54
10 55
10 56
10 57
10 58
10 61
10 63
10 66
10 67
10 68
10 70
10 71
10 73
10 74
10 75
10 76
10 77
10 78
10 79
10 80
10 81
10 108
10 110
10 114
10 116
10 117
10 118
10 119
10 120
10 121
10 124
10 125
10 126
10 130
10 131
10 132
10 133
10 134
10 135
10 136
10 139
10 185
11 12
11 13
11 15
11 16
11 17
11 18
11 19
11 21
11 22
11 23
11 29
11 32
11 34
11 37
11 44
11 45
11 46
11 53
11 54
11 56
11 57
11 59
11 70
11 79
11 80
11 81
11 110
11 116
11 117
11 118
11 119
11 120
11 121
11 139
11 156
12 13
12 14
12 15
12 16
12 17
12 18
12 20
12 23
12 49
12 51
12 57
12 59
12 62
12 69
12 105
12 106
12 107
12 108
12 125
12 185
13 15
13 16
13 17
13 18
13 19
13 21
13 22
13 23
13 49
13 50
13 51
13 52
13 53
13 54
13 55
13 56
13 58
13 61
13 66
13 67
13 68
13 70
13 71
13 73
13 74
13 75
13 76
13 77
13 79
13 80
13 81
14 15
14 20
14 50
14 55
14 57
14 62
14 111
14 114
15 16
15 19
15 20
15 21
15 22
15 23
15 50
15 55
15 111
15 114
16 18
16 19
16 20
16 21
16 22
16 23
16 24
16 26
16 28
16 29
16 30
16 31
16 32
16 33
16 34
16 35
16 36
16 37
16 38
16 39
16 40
16 41
16 42
16 43
16 44
16 45
16 46
16 49
16 50
16 51
16 52
16 53
16 54
16 55
16 56
16 57
16 59
16 61
16 63
16 64
16 66
16 67
16 68
16 70
16 71
16 73
16 74
16 75
16 76
16 77
16 78
16 79
16 80
16 81
16 102
16 104
16 108
16 110
16 111
16 113
16 114
16 116
16 117
16 118
16 119
16 120
16 121
16 124
16 125
16 129
16 132
16 133
16 136
16 137
16 138
16 139
16 140
16 151
16 156
16 158
16 159
16 177
16 185
16 195
17 18
17 24
17 26
17 28
17 35
17 36
17 45
17 47
17 48
17 102
17 104
18 21
18 23
18 34
18 57
18 59
18 61
18 62
18 69
18 106
18 108
18 112
18 125
18 134
18 185
19 21
19 22
19 23
19 53
19 57
19 59
19 132
19 133
19 139
19 156
20 22
20 23
20 34
20 36
20 38
20 39
20 41
20 45
20 49
20 50
20 55
20 57
20 58
20 59
20 60
20 62
20 63
20 64
20 65
20 69
20 78
20 102
20 103
20 105
20 106
20 107
20 111
20 114
20 137
20 159
20 177
21 22
21 23
21 29
21 32
21 34
21 37
21 44
21 45
21 46
21 53
21 54
21 56
21 57
21 59
21 61
21 108
21 110
21 116
21 117
21 118
21 119
21 120
21 121
21 125
21 139
21 156
22 23
22 36
22 49
22 50
22 51
22 52
22 53
22 54
22 55
22 56
22 57
22 58
22 59
22 60
22 61
22 62
22 63
22 64
22 65
22 66
22 67
22 68
22 69
22 70
22 71
22 73
22 74
22 75
22 76
22 77
22 78
23 36
23 44
23 46
23 49
23 50
23 51
23 52
23 53
23 54
23 55
23 56
23 57
23 58
23 59
23 60
23 61
23 62
23 63
23 64
23 65
23 66
23 67
23 68
23 69
23 70
23 71
23 72
23 73
23 74
23 75
23 76
23 77
23 78
23 79
23 80
23 81
23 127
23 128
23 129
23 132
23 133
23 154
24 25
24 26
24 27
24 28
24 29
24 30
24 31
24 32
24 33
24 34
24 35
24 36
24 37
24 38
24 39
24 40
24 41
24 42
24 43
24 44
24 45
24 46
24 47
24 48
25 26
25 27
25 28
25 34
25 35
25 36
25 39
25 40
25 41
25 42
25 45
25 47
25 56
25 61
25 66
25 94
25 109
25 115
25 123
25 124
25 125
25 126
26 27
26 28
26 29
26 30
26 31
26 32
26 33
26 34
26 35
26 36
26 37
26 38
26 39
26 40
26 41
26 42
26 43
26 44
26 45
26 46
26 47
26 48
26 102
27 28
27 34
27 35
27 36
27 39
27 40
27 41
27 42
27 45
27 47
28 29
28 30
28 31
28 32
28 33
28 34
28 35
28 36
28 37
28 38
28 39
28 40
28 41
28 42
28 43
28 44
28 45
28 46
28 47
28 48
28 57
28 78
28 111
28 114
28 116
28 117
28 118
28 119
28 120
28 121
28 129
28 137
28 138
28 139
28 140
29 30
29 31
29 32
29 33
29 34
29 36
29 37
29 38
29 40
29 43
29 44
29 45
29 46
29 57
29 59
29 60
29 78
29 102
29 103
29 120
29 139
29 156
29 174
30 31
30 32
30 33
30 34
30 35
30 36
30 37
30 38
30 40
30 42
30 43
30 44
30 45
30 46
30 48
30 57
30 63
30 102
30 116
30 117
30 118
30 119
30 120
30 121
30 122
30 136
30 158
30 165
30 174
30 179
31 32
31 33
31 34
31 35
31 36
31 37
31 38
31 43
31 44
31 45
31 46
31 48
31 63
31 102
31 136
31 165
31 174
31 179
31 189
32 33
32 34
32 37
32 38
32 43
32 44
32 45
32 46
32 57
32 59
32 78
32 139
32 156
33 34
33 37
33 38
33 43
33 44
33 45
33 46
33 57
33 102
33 116
33 117
33 118
33 119
33 122
33 174
34 35
34 36
34 37
34 38
34 39
34 40
34 41
34 42
34 43
34 44
34 45
34 46
34 47
34 48
34 57
34 58
34 59
34 60
34 63
34 69
34 72
34 78
34 102
34 103
34 111
34 112
34 114
34 129
34 133
34 134
34 136
34 137
34 139
34 140
34 155
34 156
34 159
34 165
34 177
34 179
34 185
35 36
35 37
35 39
35 40
35 41
35 42
35 44
35 45
35 46
35 47
35 48
35 57
35 63
35 102
35 104
35 136
35 139
35 165
35 177
35 179
36 37
36 38
36 39
36 40
36 41
36 42
36 44
36 45
36 46
36 47
36 48
36 49
36 57
36 58
36 59
36 60
36 62
36 63
36 64
36 65
36 69
36 78
36 102
36 103
36 104
36 136
36 137
36 139
36 159
36 165
36 177
36 179
37 38
37 40
37 42
37 43
37 44
37 45
37 46
37 48
37 54
37 57
37 58
37 59
37 60
37 63
37 78
37 83
37 93
37 102
37 103
37 110
37 111
37 116
37 117
37 118
37 119
37 120
37 121
37 122
37 132
37 133
37 136
37 152
37 158
37 165
37 174
37 177
37 179
37 194
38 39
38 40
38 41
38 42
38 43
38 44
38 45
38 46
38 47
38 48
38 56
38 58
38 60
38 63
38 64
38 78
38 102
38 103
38 110
38 113
38 136
38 137
38 138
38 140
38 147
38 151
38 155
38 158
38 159
38 169
38 177
39 40
39 41
39 42
39 43
39 45
39 47
39 57
39 58
39 60
39 63
39 64
39 78
39 98
39 102
39 103
39 110
39 111
39 113
39 114
39 129
39 133
39 136
39 137
39 138
39 139
39 140
39 151
39 156
39 158
39 159
39 177
39 195
40 41
40 42
40 44
40 45
40 46
40 47
40 57
40 59
40 60
40 63
40 78
40 102
40 103
40 115
40 116
40 127
40 132
40 133
40 136
40 138
40 139
40 153
40 158
40 164
40 169
40 174
40 177
40 195
41 42
41 43
41 45
41 47
41 58
41 60
41 63
41 64
41 78
41 98
41 102
41 103
41 110
41 111
41 113
41 114
41 129
41 136
41 137
41 138
41 140
41 151
41 158
41 159
41 169
41 177
41 195
42 43
42 45
42 46
42 47
42 57
42 63
42 64
42 78
42 98
42 110
42 113
42 133
42 136
42 137
42 138
42 139
42 140
42 151
42 156
42 158
42 159
42 174
43 44
43 45
43 46
43 50
43 55
43 63
43 64
43 66
43 110
43 113
43 122
43 136
43 137
43 138
43 140
43 151
43 158
43 159
44 45
44 46
44 48
44 52
44 53
44 54
44 57
44 59
44 63
44 101
44 102
44 110
44 111
44 116
44 117
44 118
44 119
44 120
44 121
44 122
44 127
44 128
44 129
44 132
44 133
44 136
44 139
44 152
44 164
44 165
44 179
45 46
45 47
45 48
45 54
45 57
45 58
45 60
45 63
45 64
45 78
45 102
45 103
45 104
45 110
45 116
45 117
45 118
45 119
45 120
45 121
45 122
45 137
45 151
45 158
45 159
45 174
45 177
46 48
46 53
46 54
46 57
46 58
46 59
46 60
46 63
46 78
46 89
46 101
46 102
46 103
46 110
46 111
46 116
46 117
46 118
46 119
46 120
46 121
46 122
46 127
46 128
46 129
46 132
46 133
46 136
46 139
46 152
46 158
46 165
46 174
46 177
46 179
46 185
46 194
47 54
47 78
47 102
47 104
47 110
47 126
47 130
47 131
47 132
47 133
47 134
47 135
47 138
48 63
48 78
48 102
48 103
48 136
48 165
48 177
48 179
48 185
49 50
49 51
49 52
49 53
49 54
49 55
49 56
49 57
49 58
49 59
49 60
49 61
49 62
49 63
49 64
49 65
49 66
49 67
49 68
49 69
49 70
49 71
49 73
49 74
49 75
49 76
49 77
49 78
49 105
49 106
49 107
49 108
49 109
50 51
50 52
50 53
50 54
50 55
50 56
50 61
50 66
50 67
50 68
50 70
50 71
50 73
50 74
50 75
50 76
50 77
50 80
50 110
50 111
50 112
50 113
50 114
51 52
51 53
51 54
51 55
51 56
51 61
51 66
51 67
51 68
51 70
51 71
51 73
51 74
51 75
51 76
51 77
51 80
51 105
51 106
51 107
51 108
51 112
51 115
52 53
52 54
52 55
52 56
52 58
52 61
52 66
52 67
52 68
52 70
52 71
52 73
52 74
52 75
52 76
52 77
52 78
52 122
53 54
53 55
53 56
53 57
53 58
53 59
53 61
53 62
53 66
53 67
53 68
53 70
53 71
53 73
53 74
53 75
53 76
53 77
53 114
53 123
53 127
53 128
53 129
54 55
54 56
54 57
54 61
54 66
54 67
54 68
54 69
54 70
54 71
54 72
54 73
54 74
54 75
54 76
54 77
54 110
54 116
54 117
54 118
54 119
54 120
54 121
54 126
54 127
54 130
54 131
54 132
54 133
54 134
54 135
54 154
55 56
55 61
55 66
55 67
55 68
55 70
55 71
55 73
55 74
55 75
55 76
55 77
55 80
55 110
55 111
55 112
55 113
55 114
55 115
56 61
56 66
56 67
56 68
56 70
56 71
56 73
56 74
56 75
56 76
56 77
56 78
56 79
56 80
56 81
56 94
56 103
56 108
56 109
56 115
56 123
56 124
56 125
56 126
56 130
56 146
56 147
56 155
57 58
57 59
57 60
57 62
57 63
57 64
57 65
57 69
57 72
57 76
57 77
57 78
57 83
57 85
57 86
57 87
57 89
57 91
57 98
57 99
57 101
57 102
57 103
57 111
57 112
57 115
57 116
57 117
57 118
57 119
57 120
57 121
57 122
57 127
57 128
57 129
57 132
57 133
57 134
57 139
57 140
57 151
57 152
57 153
57 154
57 155
57 156
57 158
57 161
57 163
57 164
57 165
57 166
57 167
57 168
57 169
57 171
57 172
57 173
57 174
57 176
57 183
57 184
57 185
57 186
57 187
58 59
58 60
58 62
58 63
58 64
58 65
58 69
58 75
58 76
58 77
58 78
58 102
58 103
58 110
58 111
58 113
58 132
58 136
58 137
58 138
58 151
58 152
58 155
58 159
58 177
59 60
59 62
59 63
59 64
59 65
59 69
59 72
59 78
59 87
59 103
59 127
59 128
59 129
59 132
59 133
59 136
59 139
59 153
59 156
59 167
59 168
59 169
59 171
59 172
59 173
59 177
60 62
60 63
60 64
60 65
60 69
60 78
60 85
60 95
60 102
60 103
60 136
60 137
60 159
60 169
60 175
60 177
61 66
61 67
61 68
61 70
61 71
61 73
61 74
61 75
61 76
61 77
61 94
61 108
61 109
61 111
61 114
61 115
61 123
61 124
61 125
61 126
61 130
61 131
61 146
61 147
62 63
62 64
62 65
62 69
62 77
62 78
62 111
63 64
63 65
63 69
63 78
63 98
63 102
63 103
63 110
63 111
63 113
63 132
63 136
63 137
63 138
63 140
63 151
63 152
63 155
63 158
63 159
63 165
63 169
63 177
63 179
64 65
64 69
64 78
64 98
64 113
64 136
64 137
64 138
64 140
64 151
64 158
64 159
64 177
65 69
65 78
66 67
66 68
66 70
66 71
66 73
66 74
66 75
66 76
66 77
66 94
66 108
66 109
66 110
66 113
66 115
66 123
66 124
66 125
66 126
67 68
67 70
67 71
67 73
67 74
67 75
67 76
67 77
67 108
67 109
67 130
67 146
67 147
68 70
68 71
68 73
68 74
68 75
68 76
68 77
68 108
68 109
68 130
68 146
68 147
69 72
69 78
69 115
69 127
69 132
69 133
69 154
70 71
70 73
70 74
70 75
70 76
70 77
70 79
70 80
70 81
70 108
70 109
70 114
70 123
71 73
71 74
71 75
71 76
71 77
71 80
71 112
71 115
72 115
72 127
72 132
72 133
72 154
73 74
73 75
73 76
73 77
73 184
74 75
74 76
74 77
74 108
74 109
75 76
75 77
75 114
75 123
76 77
76 114
76 123
77 114
77 123
78 102
78 103
78 110
78 132
78 133
78 134
78 136
78 137
78 138
78 139
78 147
78 155
78 156
78 159
78 164
78 169
78 174
78 177
78 194
78 195
79 80
79 81
79 111
79 114
80 81
80 112
80 115
81 111
81 114
82 83
82 84
82 85
82 86
82 87
82 88
82 89
82 90
82 91
82 92
82 93
82 94
82 95
82 96
82 97
82 98
82 99
82 100
82 101
83 84
83 85
83 86
83 87
83 88
83 89
83 90
83 91
83 92
83 93
83 94
83 95
83 96
83 98
83 99
83 100
83 101
83 128
83 129
83 135
83 140
83 153
83 160
83 161
83 163
83 164
83 165
83 166
83 167
83 168
83 169
83 170
83 171
83 172
83 173
83 175
83 176
84 86
84 87
84 88
84 89
84 90
84 91
84 92
84 93
84 94
84 95
84 96
84 97
84 98
84 100
84 101
84 128
84 135
84 142
84 150
84 169
84 175
84 176
84 178
85 87
85 89
85 90
85 91
85 92
85 95
85 96
85 97
85 98
85 99
85 101
85 160
85 163
85 164
85 165
85 166
85 169
85 175
85 188
86 87
86 88
86 89
86 90
86 91
86 92
86 93
86 94
86 95
86 96
86 98
86 99
86 100
86 101
86 128
86 129
86 135
86 140
86 160
86 161
86 162
86 163
86 164
86 165
86 169
86 175
86 176
87 88
87 89
87 90
87 91
87 92
87 93
87 94
87 95
87 96
87 97
87 98
87 99
87 100
87 101
87 128
87 129
87 135
87 140
87 153
87 161
87 163
87 164
87 165
87 166
87 167
87 168
87 169
87 170
87 171
87 172
87 173
87 176
88 89
88 90
88 91
88 92
88 93
88 94
88 95
88 96
88 97
88 98
88 100
88 101
88 128
88 169
88 175
88 176
88 180
89 90
89 91
89 92
89 93
89 94
89 95
89 96
89 97
89 98
89 99
89 100
89 101
89 128
89 129
89 135
89 140
89 141
89 145
89 153
89 161
89 162
89 163
89 164
89 165
89 166
89 167
89 169
89 170
89 171
89 172
89 175
89 176
89 180
89 183
89 188
89 192
90 91
90 92
90 93
90 94
90 95
90 97
90 98
90 99
90 100
90 101
90 163
90 164
90 165
90 166
90 169
91 92
91 93
91 94
91 95
91 96
91 97
91 98
91 99
91 101
91 128
91 129
91 135
91 140
91 141
91 145
91 153
91 161
91 163
91 164
91 165
91 166
91 167
91 168
91 169
91 170
91 171
91 172
91 173
91 176
91 183
92 93
92 94
92 95
92 96
92 97
92 98
92 99
92 101
92 161
92 164
92 165
92 169
92 176
92 183
93 94
93 95
93 96
93 97
93 98
93 101
93 160
93 161
93 162
93 163
93 164
93 165
93 169
94 95
94 96
94 97
94 98
94 100
94 101
94 109
94 115
94 123
94 124
94 125
94 126
94 128
94 169
94 175
94 176
95 96
95 97
95 98
95 99
95 100
95 101
95 128
95 135
95 160
95 161
95 162
95 163
95 164
95 165
95 169
95 175
95 176
96 98
96 99
96 100
96 101
96 128
96 135
96 160
96 161
96 162
96 163
96 164
96 165
96 169
96 175
96 176
97 98
97 99
97 100
97 135
98 99
98 100
98 101
98 128
98 135
98 136
98 153
98 158
98 160
98 163
98 164
98 165
98 166
98 167
98 168
98 169
98 170
98 171
98 172
98 173
98 175
98 176
98 183
98 196
99 100
99 101
99 128
99 129
99 140
99 160
99 161
99 163
99 164
99 165
99 166
99 169
99 176
99 186
99 187
100 101
100 128
100 169
100 175
100 176
101 128
101 129
101 135
101 140
101 153
101 160
101 161
101 162
101 163
101 164
101 165
101 166
101 169
101 172
101 175
101 176
101 183
101 186
101 187
102 103
102 104
102 136
102 137
102 139
102 159
102 165
102 169
102 174
102 177
102 179
102 189
103 136
103 137
103 147
103 155
103 159
103 169
103 177
104 177
105 106
105 107
105 108
106 107
106 108
107 108
108 109
108 123
108 125
108 130
108 146
108 147
109 115
109 123
109 124
109 125
109 126
109 130
109 146
109 147
110 113
110 114
110 116
110 117
110 118
110 119
110 120
110 121
110 124
110 126
110 130
110 131
110 132
110 133
110 134
110 135
110 136
110 137
111 114
111 116
111 117
111 118
111 119
111 120
111 121
111 122
111 129
111 131
111 132
111 133
111 137
111 140
111 151
111 152
111 155
112 115
112 134
113 136
113 137
113 138
113 140
113 151
113 158
113 159
114 123
114 129
114 137
114 140
115 123
115 124
115 125
115 126
116 117
116 118
116 119
116 120
116 121
116 122
116 132
116 133
116 136
116 139
116 152
116 164
116 165
117 118
117 119
117 120
117 121
117 122
117 132
117 133
117 136
117 152
118 119
118 120
118 121
118 122
118 132
118 133
118 136
118 152
119 120
119 121
119 122
119 132
119 133
119 136
119 139
119 152
120 121
120 122
120 132
120 133
120 136
120 152
121 122
121 132
121 133
121 136
121 152
122 132
122 133
122 136
122 152
123 124
123 125
123 126
124 125
124 126
125 126
125 148
125 149
125 185
126 130
126 131
126 132
126 133
126 134
126 135
127 128
127 129
127 132
127 133
127 139
127 153
127 154
128 129
128 138
128 140
128 161
128 163
128 164
128 165
128 169
128 175
128 176
129 137
129 140
129 161
129 163
129 164
129 165
129 166
129 169
129 176
129 186
129 187
129 195
130 131
130 132
130 133
130 134
130 135
130 146
130 147
130 148
130 149
131 132
131 133
131 134
131 135
131 150
132 133
132 134
132 135
132 139
132 151
132 152
132 153
132 154
132 155
132 156
133 134
133 135
133 139
133 152
133 154
133 156
134 135
134 185
135 141
135 142
135 145
135 148
135 149
135 150
135 160
135 162
135 163
135 164
135 165
135 167
135 168
135 169
135 170
135 171
135 173
135 178
135 182
135 183
136 137
136 138
136 140
136 151
136 158
136 159
136 165
136 169
136 177
136 179
136 189
137 138
137 140
137 151
137 158
137 159
137 177
138 140
138 151
138 158
138 159
139 153
139 156
139 165
139 169
139 174
140 151
140 158
140 159
140 161
140 163
140 164
140 165
140 169
140 176
141 142
141 143
141 144
141 145
142 150
142 178
143 144
143 191
144 181
144 191
146 147
146 157
147 155
148 149
148 169
148 171
149 169
149 171
150 169
150 178
151 152
151 155
151 158
151 159
151 177
152 155
153 165
153 167
153 168
153 169
153 171
153 172
153 173
153 183
156 169
158 159
158 174
158 185
159 177
160 161
160 162
160 163
160 164
160 165
160 166
161 162
161 163
161 164
161 165
161 169
161 176
162 163
162 164
162 165
162 168
162 172
163 164
163 165
163 166
163 167
163 168
163 169
163 170
163 171
163 173
163 176
164 165
164 166
164 169
164 176
164 180
164 182
165 166
165 167
165 168
165 169
165 170
165 171
165 172
165 173
165 176
165 179
165 183
165 186
165 187
166 169
166 186
166 187
167 168
167 169
167 170
167 171
167 172
167 173
168 169
168 170
168 171
168 172
168 173
169 170
169 171
169 172
169 173
169 175
169 176
169 183
169 190
170 171
170 173
171 172
171 173
172 173
172 183
174 193
175 176
175 180
175 181
175 182
175 192
178 183
180 181
180 182
181 182
181 192
186 187
194 197