1 2
1 3
1 4
1 5
1 6
1 7
1 8
1 9
1 10
1 11
1 12
1 13
1 14
1 15
1 16
1 17
1 18
1 19
1 20
1 21
1 22
1 23
1 24
2 3
2 6
2 7
2 8
2 9
2 11
2 12
2 13
2 14
2 16
2 17
2 19
2 20
2 21
2 22
2 23
2 24
2 37
2 50
2 51
2 52
2 53
2 54
2 55
2 56
2 57
2 58
2 59
2 60
2 61
2 62
2 63
2 64
2 65
2 66
2 67
2 68
2 69
2 70
2 71
2 72
2 73
2 74
2 75
2 76
2 77
2 78
2 79
3 6
3 7
3 8
3 9
3 11
3 12
3 14
3 16
3 17
3 20
3 21
3 22
3 23
3 24
3 37
3 50
3 51
3 52
3 53
3 54
3 55
3 56
3 57
3 58
3 59
3 60
3 61
3 62
3 63
3 64
3 65
3 66
3 67
3 68
3 69
3 70
3 71
3 72
3 74
3 75
3 76
3 77
3 78
3 79
3 80
3 81
3 82
4 5
4 6
4 9
4 11
4 12
4 13
4 14
4 18
4 19
4 25
4 27
4 29
4 36
4 37
4 46
4 48
4 49
4 61
4 79
4 103
4 104
4 105
5 6
5 9
5 10
5 11
5 12
5 13
5 14
5 15
5 16
5 18
5 19
5 21
5 50
5 52
5 106
5 107
5 108
5 109
6 7
6 8
6 9
6 11
6 12
6 13
6 14
6 17
6 18
6 19
6 21
6 22
6 23
6 24
6 37
6 38
6 45
6 46
6 47
6 50
6 51
6 52
6 53
6 54
6 55
6 56
6 57
6 58
6 59
6 60
6 61
6 62
6 63
6 64
6 65
6 66
6 67
6 68
6 69
6 70
6 71
6 72
6 74
6 75
6 76
6 77
6 78
6 79
6 111
6 117
6 118
6 119
6 120
6 121
6 122
7 8
7 9
7 11
7 12
7 14
7 16
7 17
7 20
7 21
7 22
7 23
7 24
7 29
7 35
7 37
7 40
7 42
7 50
7 51
7 52
7 53
7 54
7 55
7 56
7 57
7 58
7 59
7 60
7 61
7 62
7 63
7 64
7 65
7 66
7 67
7 68
7 69
7 70
7 71
7 72
7 74
7 75
7 76
7 77
7 78
7 79
7 112
7 115
7 124
7 130
7 138
7 141
8 9
8 11
8 12
8 13
8 14
8 16
8 17
8 20
8 21
8 22
8 23
8 24
8 29
8 33
8 35
8 37
8 38
8 40
8 42
8 45
8 46
8 47
8 50
8 51
8 52
8 53
8 54
8 55
8 56
8 57
8 58
8 59
8 60
8 61
8 62
8 63
8 64
8 65
8 66
8 67
8 68
8 69
8 70
8 71
8 72
8 74
8 75
8 76
8 77
8 78
8 79
8 80
8 81
8 82
8 111
8 112
8 115
8 117
8 118
8 119
8 120
8 121
8 122
8 130
8 133
8 134
8 138
8 140
8 141
8 157
9 11
9 12
9 13
9 14
9 16
9 17
9 18
9 19
9 20
9 22
9 23
9 24
9 50
9 51
9 52
9 53
9 54
9 55
9 56
9 57
9 59
9 62
9 67
9 68
9 69
9 71
9 72
9 74
9 75
9 76
9 77
9 78
9 80
9 81
9 82
10 15
10 16
10 39
10 57
10 79
10 104
10 148
10 156
11 12
11 13
11 14
11 16
11 17
11 18
11 19
11 20
11 22
11 23
11 24
11 35
11 38
11 39
11 45
11 46
11 47
11 48
11 50
11 51
11 52
11 53
11 54
11 55
11 56
11 57
11 58
11 59
11 62
11 64
11 67
11 68
11 69
11 71
11 72
11 74
11 75
11 76
11 77
11 78
11 79
11 80
11 81
11 82
11 109
11 111
11 115
11 117
11 118
11 119
11 120
11 121
11 122
11 125
11 126
11 127
11 131
11 132
11 133
11 134
11 135
11 136
11 137
11 140
11 186
12 13
12 14
12 16
12 17
12 18
12 19
12 20
12 22
12 23
12 24
12 30
12 33
12 35
12 38
12 45
12 46
12 47
12 54
12 55
12 57
12 58
12 60
12 71
12 80
12 81
12 82
12 111
12 117
12 118
12 119
12 120
12 121
12 122
12 140
12 157
13 14
13 15
13 16
13 17
13 18
13 19
13 21
13 24
13 50
13 52
13 58
13 60
13 63
13 70
13 106
13 107
13 108
13 109
13 126
13 186
14 16
14 17
14 18
14 19
14 20
14 22
14 23
14 24
14 50
14 51
14 52
14 53
14 54
14 55
14 56
14 57
14 59
14 62
14 67
14 68
14 69
14 71
14 72
14 74
14 75
14 76
14 77
14 78
14 80
14 81
14 82
15 16
15 21
15 51
15 56
15 58
15 63
15 112
15 115
16 17
16 20
16 21
16 22
16 23
16 24
16 51
16 56
16 112
16 115
17 19
17 20
17 21
17 22
17 23
17 24
17 25
17 27
17 29
17 30
17 31
17 32
17 33
17 34
17 35
17 36
17 37
17 38
17 39
17 40
17 41
17 42
17 43
17 44
17 45
17 46
17 47
17 50
17 51
17 52
17 53
17 54
17 55
17 56
17 57
17 58
17 60
17 62
17 64
17 65
17 67
17 68
17 69
17 71
17 72
17 74
17 75
17 76
17 77
17 78
17 79
17 80
17 81
17 82
17 103
17 105
17 109
17 111
17 112
17 114
17 115
17 117
17 118
17 119
17 120
17 121
17 122
17 125
17 126
17 130
17 133
17 134
17 137
17 138
17 139
17 140
17 141
17 152
17 157
17 159
17 160
17 178
17 186
17 196
18 19
18 25
18 27
18 29
18 36
18 37
18 46
18 48
18 49
18 103
18 105
19 22
19 24
19 35
19 58
19 60
19 62
19 63
19 70
19 107
19 109
19 113
19 126
19 135
19 186
20 22
20 23
20 24
20 54
20 58
20 60
20 133
20 134
20 140
20 157
21 23
21 24
21 35
21 37
21 39
21 40
21 42
21 46
21 50
21 51
21 56
21 58
21 59
21 60
21 61
21 63
21 64
21 65
21 66
21 70
21 79
21 103
21 104
21 106
21 107
21 108
21 112
21 115
21 138
21 160
21 178
22 23
22 24
22 30
22 33
22 35
22 38
22 45
22 46
22 47
22 54
22 55
22 57
22 58
22 60
22 62
22 109
22 111
22 117
22 118
22 119
22 120
22 121
22 122
22 126
22 140
22 157
23 24
23 37
23 50
23 51
23 52
23 53
23 54
23 55
23 56
23 57
23 58
23 59
23 60
23 61
23 62
23 63
23 64
23 65
23 66
23 67
23 68
23 69
23 70
23 71
23 72
23 74
23 75
23 76
23 77
23 78
23 79
24 37
24 45
24 47
24 50
24 51
24 52
24 53
24 54
24 55
24 56
24 57
24 58
24 59
24 60
24 61
24 62
24 63
24 64
24 65
24 66
24 67
24 68
24 69
24 70
24 71
24 72
24 73
24 74
24 75
24 76
24 77
24 78
24 79
24 80
24 81
24 82
24 128
24 129
24 130
24 133
24 134
24 155
25 26
25 27
25 28
25 29
25 30
25 31
25 32
25 33
25 34
25 35
25 36
25 37
25 38
25 39
25 40
25 41
25 42
25 43
25 44
25 45
25 46
25 47
25 48
25 49
26 27
26 28
26 29
26 35
26 36
26 37
26 40
26 41
26 42
26 43
26 46
26 48
26 57
26 62
26 67
26 95
26 110
26 116
26 124
26 125
26 126
26 127
27 28
27 29
27 30
27 31
27 32
27 33
27 34
27 35
27 36
27 37
27 38
27 39
27 40
27 41
27 42
27 43
27 44
27 45
27 46
27 47
27 48
27 49
27 103
28 29
28 35
28 36
28 37
28 40
28 41
28 42
28 43
28 46
28 48
29 30
29 31
29 32
29 33
29 34
29 35
29 36
29 37
29 38
29 39
29 40
29 41
29 42
29 43
29 44
29 45
29 46
29 47
29 48
29 49
29 58
29 79
29 112
29 115
29 117
29 118
29 119
29 120
29 121
29 122
29 130
29 138
29 139
29 140
29 141
30 31
30 32
30 33
30 34
30 35
30 37
30 38
30 39
30 41
30 44
30 45
30 46
30 47
30 58
30 60
30 61
30 79
30 103
30 104
30 121
30 140
30 157
30 175
31 32
31 33
31 34
31 35
31 36
31 37
31 38
31 39
31 41
31 43
31 44
31 45
31 46
31 47
31 49
31 58
31 64
31 103
31 117
31 118
31 119
31 120
31 121
31 122
31 123
31 137
31 159
31 166
31 175
31 180
32 33
32 34
32 35
32 36
32 37
32 38
32 39
32 44
32 45
32 46
32 47
32 49
32 64
32 103
32 137
32 166
32 175
32 180
32 190
33 34
33 35
33 38
33 39
33 44
33 45
33 46
33 47
33 58
33 60
33 79
33 140
33 157
34 35
34 38
34 39
34 44
34 45
34 46
34 47
34 58
34 103
34 117
34 118
34 119
34 120
34 123
34 175
35 36
35 37
35 38
35 39
35 40
35 41
35 42
35 43
35 44
35 45
35 46
35 47
35 48
35 49
35 58
35 59
35 60
35 61
35 64
35 70
35 73
35 79
35 103
35 104
35 112
35 113
35 115
35 130
35 134
35 135
35 137
35 138
35 140
35 141
35 156
35 157
35 160
35 166
35 178
35 180
35 186
36 37
36 38
36 40
36 41
36 42
36 43
36 45
36 46
36 47
36 48
36 49
36 58
36 64
36 103
36 105
36 137
36 140
36 166
36 178
36 180
37 38
37 39
37 40
37 41
37 42
37 43
37 45
37 46
37 47
37 48
37 49
37 50
37 58
37 59
37 60
37 61
37 63
37 64
37 65
37 66
37 70
37 79
37 103
37 104
37 105
37 137
37 138
37 140
37 160
37 166
37 178
37 180
38 39
38 41
38 43
38 44
38 45
38 46
38 47
38 49
38 55
38 58
38 59
38 60
38 61
38 64
38 79
38 84
38 94
38 103
38 104
38 111
38 112
38 117
38 118
38 119
38 120
38 121
38 122
38 123
38 133
38 134
38 137
38 153
38 159
38 166
38 175
38 178
38 180
38 195
39 40
39 41
39 42
39 43
39 44
39 45
39 46
39 47
39 48
39 49
39 57
39 59
39 61
39 64
39 65
39 79
39 103
39 104
39 111
39 114
39 137
39 138
39 139
39 141
39 148
39 152
39 156
39 159
39 160
39 170
39 178
40 41
40 42
40 43
40 44
40 46
40 48
40 58
40 59
40 61
40 64
40 65
40 79
40 99
40 103
40 104
40 111
40 112
40 114
40 115
40 130
40 134
40 137
40 138
40 139
40 140
40 141
40 152
40 157
40 159
40 160
40 178
40 196
41 42
41 43
41 45
41 46
41 47
41 48
41 58
41 60
41 61
41 64
41 79
41 103
41 104
41 116
41 117
41 128
41 133
41 134
41 137
41 139
41 140
41 154
41 159
41 165
41 170
41 175
41 178
41 196
42 43
42 44
42 46
42 48
42 59
42 61
42 64
42 65
42 79
42 99
42 103
42 104
42 111
42 112
42 114
42 115
42 130
42 137
42 138
42 139
42 141
42 152
42 159
42 160
42 170
42 178
42 196
43 44
43 46
43 47
43 48
43 58
43 64
43 65
43 79
43 99
43 111
43 114
43 134
43 137
43 138
43 139
43 140
43 141
43 152
43 157
43 159
43 160
43 175
44 45
44 46
44 47
44 51
44 56
44 64
44 65
44 67
44 111
44 114
44 123
44 137
44 138
44 139
44 141
44 152
44 159
44 160
45 46
45 47
45 49
45 53
45 54
45 55
45 58
45 60
45 64
45 102
45 103
45 111
45 112
45 117
45 118
45 119
45 120
45 121
45 122
45 123
45 128
45 129
45 130
45 133
45 134
45 137
45 140
45 153
45 165
45 166
45 180
46 47
46 48
46 49
46 55
46 58
46 59
46 61
46 64
46 65
46 79
46 103
46 104
46 105
46 111
46 117
46 118
46 119
46 120
46 121
46 122
46 123
46 138
46 152
46 159
46 160
46 175
46 178
47 49
47 54
47 55
47 58
47 59
47 60
47 61
47 64
47 79
47 90
47 102
47 103
47 104
47 111
47 112
47 117
47 118
47 119
47 120
47 121
47 122
47 123
47 128
47 129
47 130
47 133
47 134
47 137
47 140
47 153
47 159
47 166
47 175
47 178
47 180
47 186
47 195
48 55
48 79
48 103
48 105
48 111
48 127
48 131
48 132
48 133
48 134
48 135
48 136
48 139
49 64
49 79
49 103
49 104
49 137
49 166
49 178
49 180
49 186
50 51
50 52
50 53
50 54
50 55
50 56
50 57
50 58
50 59
50 60
50 61
50 62
50 63
50 64
50 65
50 66
50 67
50 68
50 69
50 70
50 71
50 72
50 74
50 75
50 76
50 77
50 78
50 79
50 106
50 107
50 108
50 109
50 110
51 52
51 53
51 54
51 55
51 56
51 57
51 62
51 67
51 68
51 69
51 71
51 72
51 74
51 75
51 76
51 77
51 78
51 81
51 111
51 112
51 113
51 114
51 115
52 53
52 54
52 55
52 56
52 57
52 62
52 67
52 68
52 69
52 71
52 72
52 74
52 75
52 76
52 77
52 78
52 81
52 106
52 107
52 108
52 109
52 113
52 116
53 54
53 55
53 56
53 57
53 59
53 62
53 67
53 68
53 69
53 71
53 72
53 74
53 75
53 76
53 77
53 78
53 79
53 123
54 55
54 56
54 57
54 58
54 59
54 60
54 62
54 63
54 67
54 68
54 69
54 71
54 72
54 74
54 75
54 76
54 77
54 78
54 115
54 124
54 128
54 129
54 130
55 56
55 57
55 58
55 62
55 67
55 68
55 69
55 70
55 71
55 72
55 73
55 74
55 75
55 76
55 77
55 78
55 111
55 117
55 118
55 119
55 120
55 121
55 122
55 127
55 128
55 131
55 132
55 133
55 134
55 135
55 136
55 155
56 57
56 62
56 67
56 68
56 69
56 71
56 72
56 74
56 75
56 76
56 77
56 78
56 81
56 111
56 112
56 113
56 114
56 115
56 116
57 62
57 67
57 68
57 69
57 71
57 72
57 74
57 75
57 76
57 77
57 78
57 79
57 80
57 81
57 82
57 95
57 104
57 109
57 110
57 116
57 124
57 125
57 126
57 127
57 131
57 147
57 148
57 156
58 59
58 60
58 61
58 63
58 64
58 65
58 66
58 70
58 73
58 77
58 78
58 79
58 84
58 86
58 87
58 88
58 90
58 92
58 99
58 100
58 102
58 103
58 104
58 112
58 113
58 116
58 117
58 118
58 119
58 120
58 121
58 122
58 123
58 128
58 129
58 130
58 133
58 134
58 135
58 140
58 141
58 152
58 153
58 154
58 155
58 156
58 157
58 159
58 162
58 164
58 165
58 166
58 167
58 168
58 169
58 170
58 172
58 173
58 174
58 175
58 177
58 184
58 185
58 186
58 187
58 188
59 60
59 61
59 63
59 64
59 65
59 66
59 70
59 76
59 77
59 78
59 79
59 103
59 104
59 111
59 112
59 114
59 133
59 137
59 138
59 139
59 152
59 153
59 156
59 160
59 178
60 61
60 63
60 64
60 65
60 66
60 70
60 73
60 79
60 88
60 104
60 128
60 129
60 130
60 133
60 134
60 137
60 140
60 154
60 157
60 168
60 169
60 170
60 172
60 173
60 174
60 178
61 63
61 64
61 65
61 66
61 70
61 79
61 86
61 96
61 103
61 104
61 137
61 138
61 160
61 170
61 176
61 178
62 67
62 68
62 69
62 71
62 72
62 74
62 75
62 76
62 77
62 78
62 95
62 109
62 110
62 112
62 115
62 116
62 124
62 125
62 126
62 127
62 131
62 132
62 147
62 148
63 64
63 65
63 66
63 70
63 78
63 79
63 112
64 65
64 66
64 70
64 79
64 99
64 103
64 104
64 111
64 112
64 114
64 133
64 137
64 138
64 139
64 141
64 152
64 153
64 156
64 159
64 160
64 166
64 170
64 178
64 180
65 66
65 70
65 79
65 99
65 114
65 137
65 138
65 139
65 141
65 152
65 159
65 160
65 178
66 70
66 79
67 68
67 69
67 71
67 72
67 74
67 75
67 76
67 77
67 78
67 95
67 109
67 110
67 111
67 114
67 116
67 124
67 125
67 126
67 127
68 69
68 71
68 72
68 74
68 75
68 76
68 77
68 78
68 109
68 110
68 131
68 147
68 148
69 71
69 72
69 74
69 75
69 76
69 77
69 78
69 109
69 110
69 131
69 147
69 148
70 73
70 79
70 116
70 128
70 133
70 134
70 155
71 72
71 74
71 75
71 76
71 77
71 78
71 80
71 81
71 82
71 109
71 110
71 115
71 124
72 74
72 75
72 76
72 77
72 78
72 81
72 113
72 116
73 116
73 128
73 133
73 134
73 155
74 75
74 76
74 77
74 78
74 185
75 76
75 77
75 78
75 109
75 110
76 77
76 78
76 115
76 124
77 78
77 115
77 124
78 115
78 124
79 103
79 104
79 111
79 133
79 134
79 135
79 137
79 138
79 139
79 140
79 148
79 156
79 157
79 160
79 165
79 170
79 175
79 178
79 195
79 196
80 81
80 82
80 112
80 115
81 82
81 113
81 116
82 112
82 115
83 84
83 85
83 86
83 87
83 88
83 89
83 90
83 91
83 92
83 93
83 94
83 95
83 96
83 97
83 98
83 99
83 100
83 101
83 102
84 85
84 86
84 87
84 88
84 89
84 90
84 91
84 92
84 93
84 94
84 95
84 96
84 97
84 99
84 100
84 101
84 102
84 129
84 130
84 136
84 141
84 154
84 161
84 162
84 164
84 165
84 166
84 167
84 168
84 169
84 170
84 171
84 172
84 173
84 174
84 176
84 177
85 87
85 88
85 89
85 90
85 91
85 92
85 93
85 94
85 95
85 96
85 97
85 98
85 99
85 101
85 102
85 129
85 136
85 143
85 151
85 170
85 176
85 177
85 179
86 88
86 90
86 91
86 92
86 93
86 96
86 97
86 98
86 99
86 100
86 102
86 161
86 164
86 165
86 166
86 167
86 170
86 176
86 189
87 88
87 89
87 90
87 91
87 92
87 93
87 94
87 95
87 96
87 97
87 99
87 100
87 101
87 102
87 129
87 130
87 136
87 141
87 161
87 162
87 163
87 164
87 165
87 166
87 170
87 176
87 177
88 89
88 90
88 91
88 92
88 93
88 94
88 95
88 96
88 97
88 98
88 99
88 100
88 101
88 102
88 129
88 130
88 136
88 141
88 154
88 162
88 164
88 165
88 166
88 167
88 168
88 169
88 170
88 171
88 172
88 173
88 174
88 177
89 90
89 91
89 92
89 93
89 94
89 95
89 96
89 97
89 98
89 99
89 101
89 102
89 129
89 170
89 176
89 177
89 181
90 91
90 92
90 93
90 94
90 95
90 96
90 97
90 98
90 99
90 100
90 101
90 102
90 129
90 130
90 136
90 141
90 142
90 146
90 154
90 162
90 163
90 164
90 165
90 166
90 167
90 168
90 170
90 171
90 172
90 173
90 176
90 177
90 181
90 184
90 189
90 193
91 92
91 93
91 94
91 95
91 96
91 98
91 99
91 100
91 101
91 102
91 164
91 165
91 166
91 167
91 170
92 93
92 94
92 95
92 96
92 97
92 98
92 99
92 100
92 102
92 129
92 130
92 136
92 141
92 142
92 146
92 154
92 162
92 164
92 165
92 166
92 167
92 168
92 169
92 170
92 171
92 172
92 173
92 174
92 177
92 184
93 94
93 95
93 96
93 97
93 98
93 99
93 100
93 102
93 162
93 165
93 166
93 170
93 177
93 184
94 95
94 96
94 97
94 98
94 99
94 102
94 161
94 162
94 163
94 164
94 165
94 166
94 170
95 96
95 97
95 98
95 99
95 101
95 102
95 110
95 116
95 124
95 125
95 126
95 127
95 129
95 170
95 176
95 177
96 97
96 98
96 99
96 100
96 101
96 102
96 129
96 136
96 161
96 162
96 163
96 164
96 165
96 166
96 170
96 176
96 177
97 99
97 100
97 101
97 102
97 129
97 136
97 161
97 162
97 163
97 164
97 165
97 166
97 170
97 176
97 177
98 99
98 100
98 101
98 136
99 100
99 101
99 102
99 129
99 136
99 137
99 154
99 159
99 161
99 164
99 165
99 166
99 167
99 168
99 169
99 170
99 171
99 172
99 173
99 174
99 176
99 177
99 184
99 197
100 101
100 102
100 129
100 130
100 141
100 161
100 162
100 164
100 165
100 166
100 167
100 170
100 177
100 187
100 188
101 102
101 129
101 170
101 176
101 177
102 129
102 130
102 136
102 141
102 154
102 161
102 162
102 163
102 164
102 165
102 166
102 167
102 170
102 173
102 176
102 177
102 184
102 187
102 188
103 104
103 105
103 137
103 138
103 140
103 160
103 166
103 170
103 175
103 178
103 180
103 190
104 137
104 138
104 148
104 156
104 160
104 170
104 178
105 178
106 107
106 108
106 109
107 108
107 109
108 109
109 110
109 124
109 126
109 131
109 147
109 148
110 116
110 124
110 125
110 126
110 127
110 131
110 147
110 148
111 114
111 115
111 117
111 118
111 119
111 120
111 121
111 122
111 125
111 127
111 131
111 132
111 133
111 134
111 135
111 136
111 137
111 138
112 115
112 117
112 118
112 119
112 120
112 121
112 122
112 123
112 130
112 132
112 133
112 134
112 138
112 141
112 152
112 153
112 156
113 116
113 135
114 137
114 138
114 139
114 141
114 152
114 159
114 160
115 124
115 130
115 138
115 141
116 124
116 125
116 126
116 127
117 118
117 119
117 120
117 121
117 122
117 123
117 133
117 134
117 137
117 140
117 153
117 165
117 166
118 119
118 120
118 121
118 122
118 123
118 133
118 134
118 137
118 153
119 120
119 121
119 122
119 123
119 133
119 134
119 137
119 153
120 121
120 122
120 123
120 133
120 134
120 137
120 140
120 153
121 122
121 123
121 133
121 134
121 137
121 153
122 123
122 133
122 134
122 137
122 153
123 133
123 134
123 137
123 153
124 125
124 126
124 127
125 126
125 127
126 127
126 149
126 150
126 186
127 131
127 132
127 133
127 134
127 135
127 136
128 129
128 130
128 133
128 134
128 140
128 154
128 155
129 130
129 139
129 141
129 162
129 164
129 165
129 166
129 170
129 176
129 177
130 138
130 141
130 162
130 164
130 165
130 166
130 167
130 170
130 177
130 187
130 188
130 196
131 132
131 133
131 134
131 135
131 136
131 147
131 148
131 149
131 150
132 133
132 134
132 135
132 136
132 151
133 134
133 135
133 136
133 140
133 152
133 153
133 154
133 155
133 156
133 157
134 135
134 136
134 140
134 153
134 155
134 157
135 136
135 186
136 142
136 143
136 146
136 149
136 150
136 151
136 161
136 163
136 164
136 165
136 166
136 168
136 169
136 170
136 171
136 172
136 174
136 179
136 183
136 184
137 138
137 139
137 141
137 152
137 159
137 160
137 166
137 170
137 178
137 180
137 190
138 139
138 141
138 152
138 159
138 160
138 178
139 141
139 152
139 159
139 160
140 154
140 157
140 166
140 170
140 175
141 152
141 159
141 160
141 162
141 164
141 165
141 166
141 170
141 177
142 143
142 144
142 145
142 146
143 151
143 179
144 145
144 192
145 182
145 192
147 148
147 158
148 156
149 150
149 170
149 172
150 170
150 172
151 170
151 179
152 153
152 156
152 159
152 160
152 178
153 156
154 166
154 168
154 169
154 170
154 172
154 173
154 174
154 184
157 170
159 160
159 175
159 186
160 178
161 162
161 163
161 164
161 165
161 166
161 167
162 163
162 164
162 165
162 166
162 170
162 177
163 164
163 165
163 166
163 169
163 173
164 165
164 166
164 167
164 168
164 169
164 170
164 171
164 172
164 174
164 177
165 166
165 167
165 170
165 177
165 181
165 183
166 167
166 168
166 169
166 170
166 171
166 172
166 173
166 174
166 177
166 180
166 184
166 187
166 188
167 170
167 187
167 188
168 169
168 170
168 171
168 172
168 173
168 174
169 170
169 171
169 172
169 173
169 174
170 171
170 172
170 173
170 174
170 176
170 177
170 184
170 191
171 172
171 174
172 173
172 174
173 174
173 184
175 194
176 177
176 181
176 182
176 183
176 193
179 184
181 182
181 183
182 183
182 193
187 188
195 198
