23 35 55 86 107 153 165 179 190 
18 22 40 51 59 109 116 136 194 
12 54 117 121 125 158 179 193 195 
25 45 69 94 101 108 116 122 196 
1 72 93 117 137 161 167 186 187 
0 8 68 88 130 136 148 149 185 
2 9 19 22 64 98 111 140 152 
1 28 31 35 104 127 131 153 174 
42 46 72 83 88 160 178 190 195 
1 23 32 34 45 67 149 167 173 
12 25 100 133 143 148 149 172 178 
2 28 32 54 70 71 79 84 174 
38 55 72 81 147 148 162 171 194 
25 33 43 86 92 105 122 137 168 
5 24 25 76 86 102 161 188 191 
11 21 43 82 90 115 141 162 179 
35 56 69 84 88 119 121 169 175 
22 26 51 59 96 99 112 157 193 
14 22 29 47 64 141 155 178 195 
5 11 28 60 61 135 157 168 173 
38 41 81 82 98 107 124 150 159 
27 32 72 118 123 147 158 174 193 
19 29 34 50 79 127 138 177 190 
23 46 73 140 147 150 154 162 189 
0 11 48 49 53 79 125 130 152 
4 10 26 83 99 116 126 137 147 
83 98 111 132 149 162 163 188 197 
0 19 45 81 86 92 127 130 163 
0 58 63 96 120 138 181 183 187 
38 64 66 84 118 136 143 150 188 
26 71 109 116 123 139 145 152 166 
6 21 39 42 51 53 106 143 168 
11 39 45 61 75 91 106 118 196 
12 17 43 44 93 110 150 175 182 
8 10 16 18 45 83 85 103 154 
62 107 131 138 141 151 158 174 190 
13 49 96 100 129 150 154 165 179 
25 31 41 61 62 90 134 156 168 
3 31 41 87 92 131 162 178 185 
5 30 122 130 135 137 152 156 170 
8 21 36 57 61 89 170 179 181 
0 9 27 81 94 132 142 173 191 
79 81 92 105 116 124 127 177 178 
5 46 68 84 94 102 126 133 187 
34 54 60 74 80 99 100 157 197 
1 44 51 67 68 74 82 101 111 
25 41 42 73 102 139 157 172 195 
22 72 84 94 106 169 176 179 193 
25 36 86 96 101 114 175 190 191 
26 75 80 83 91 113 161 167 197 
13 29 45 100 107 145 159 166 170 
8 32 42 55 73 103 106 167 185 
0 18 33 40 54 60 68 84 140 
12 24 45 46 110 119 165 173 180 
18 41 42 50 64 145 157 163 186 
16 34 41 98 109 120 142 165 190 
6 42 52 64 104 118 127 190 193 
5 14 17 77 148 151 153 166 197 
35 56 73 78 83 130 168 178 195 
15 21 54 81 85 91 104 125 145 
45 47 69 84 100 134 167 174 181 
7 48 93 98 101 112 128 145 177 
48 56 76 102 114 118 121 134 143 
0 16 26 36 71 84 87 105 142 
7 15 29 48 75 84 90 110 121 
20 25 42 48 65 88 111 117 164 
6 13 30 51 98 103 112 132 147 
4 47 64 84 105 133 141 158 171 
12 14 19 78 84 125 157 165 173 
18 26 38 39 101 124 158 178 179 
68 72 81 109 119 138 178 187 191 
2 25 73 78 82 105 119 190 196 
3 17 19 38 75 101 164 186 189 
13 70 86 104 106 116 129 139 177 
8 16 48 68 74 83 111 145 165 
1 3 6 17 24 76 89 109 179 
37 43 54 94 131 153 156 182 185 
2 35 37 51 62 74 156 164 190 
23 32 85 97 107 142 173 182 188 
30 34 40 79 91 100 113 140 165 
1 13 62 70 100 108 122 177 184 
30 45 55 59 71 81 145 170 186 
16 19 21 23 26 90 136 178 181 
12 19 43 56 60 66 77 157 160 
104 106 122 126 174 176 184 192 193 
20 75 78 88 133 139 148 163 194 
1 97 106 136 149 158 169 180 190 
4 36 42 43 49 63 75 159 195 
1 2 19 40 63 68 91 119 138 
14 67 98 103 118 141 144 163 164 
0 24 90 101 103 123 158 186 190 
1 3 10 103 113 116 126 171 173 
12 14 23 33 50 66 114 135 185 
7 39 65 87 109 129 137 157 189 
36 49 51 57 123 137 143 147 188 
7 38 44 57 68 104 123 165 190 
4 28 39 51 71 133 144 160 162 
27 28 58 67 72 142 165 185 189 
3 46 73 85 107 109 158 184 187 
25 31 49 77 101 137 165 173 183 
4 26 46 49 71 76 92 94 179 
2 31 52 104 127 142 166 168 176 
17 20 90 92 137 138 171 173 191 
17 28 97 99 100 120 144 161 177 
53 99 112 116 130 133 134 186 190 
1 33 73 80 90 118 124 174 184 
1 22 25 54 74 78 146 158 165 
27 44 58 103 112 125 152 174 197 
40 82 102 129 158 166 184 190 193 
5 24 41 53 56 81 89 154 157 
23 129 130 144 149 185 187 189 191 
12 13 50 51 84 114 132 148 177 
2 5 59 71 80 96 118 120 154 
9 15 44 81 108 138 158 170 182 
11 66 76 97 101 104 107 129 181 
14 19 37 66 127 136 166 175 179 
4 76 132 161 174 176 187 193 194 
21 45 60 78 86 94 151 171 194 
5 31 55 70 80 98 141 157 167 
5 15 27 96 134 169 176 183 195 
6 13 43 52 57 139 164 184 189 
8 9 45 88 94 111 147 152 191 
6 85 90 131 144 148 176 181 195 
14 16 18 39 61 147 153 187 194 
28 50 53 71 86 87 115 147 149 
5 16 59 72 78 82 107 128 148 
12 31 44 50 53 103 135 142 160 
73 84 104 127 134 137 139 167 175 
20 31 32 56 94 116 135 163 170 
10 15 48 55 59 74 90 141 181 
6 39 80 81 85 96 161 169 180 
8 13 65 72 103 119 123 131 188 
72 78 103 106 122 123 125 150 194 
8 17 39 47 70 112 126 147 197 
0 45 78 89 114 121 159 184 186 
21 35 101 120 122 124 129 160 177 
7 26 40 77 118 140 167 188 194 
5 28 31 41 54 73 175 188 191 
38 55 75 104 107 118 132 162 180 
1 9 42 55 59 100 105 172 184 
7 49 77 88 89 99 112 139 183 
1 87 96 121 163 169 173 179 183 
44 49 70 88 89 135 141 182 186 
17 30 31 49 70 77 94 141 155 
24 26 30 56 68 83 84 118 169 
13 14 56 61 65 100 103 109 120 
12 29 36 57 65 80 87 123 142 
12 48 86 115 119 123 125 137 197 
9 17 30 76 106 138 142 172 180 
31 60 103 111 122 140 146 160 166 
67 108 128 155 162 164 165 171 181 
7 12 19 31 35 37 89 128 172 
19 30 58 60 76 103 119 173 177 
26 27 78 118 121 141 150 159 188 
4 56 83 96 112 132 144 154 168 
23 50 75 78 89 153 180 186 195 
3 71 91 120 138 158 167 178 184 
99 113 121 133 147 166 172 178 181 
6 7 25 81 136 142 145 155 188 
50 81 116 117 122 138 164 167 182 
6 13 29 115 119 142 168 169 179 
4 51 68 114 134 137 186 195 197 
25 31 58 79 136 149 164 173 181 
3 8 29 61 86 87 128 154 159 
9 21 33 47 52 54 115 133 180 
3 12 51 55 68 77 112 174 176 
54 66 93 105 138 139 155 165 182 
27 36 47 58 60 87 177 186 190 
4 11 38 61 72 108 117 183 186 
9 26 96 104 130 142 146 173 197 
23 35 79 94 110 116 157 160 176 
0 69 82 113 136 158 171 177 185 
19 33 35 62 78 139 149 178 189 
4 7 40 52 82 98 132 171 172 
51 62 83 98 103 109 127 153 155 
4 16 30 36 52 59 92 159 185 
39 49 50 51 69 105 110 174 191 
69 76 99 101 102 107 119 154 188 
48 53 78 80 82 95 96 99 134 
51 72 74 106 114 121 127 157 172 
32 58 77 111 117 133 165 170 191 
7 14 94 98 118 134 137 175 177 
0 12 18 50 98 115 126 136 180 
1 93 120 124 126 147 173 183 189 
23 27 35 65 96 114 159 162 164 
6 8 32 63 72 84 127 157 192 
33 39 61 64 77 118 129 149 156 
17 30 40 89 115 145 157 160 169 
20 24 76 77 89 95 158 166 173 
36 37 43 55 65 110 118 123 131 
41 52 79 128 131 157 191 193 194 
36 38 70 73 115 128 131 133 163 
16 19 37 53 101 137 151 152 155 
3 57 74 79 96 128 159 181 183 
55 85 95 100 118 153 156 174 187 
5 75 87 93 95 99 115 120 126 
52 64 76 94 125 166 170 178 182 
42 49 70 154 168 174 179 189 196 
37 65 67 69 91 98 133 166 190 
15 44 56 74 99 132 143 154 178 
50 73 93 100 127 135 145 168 171 
34 35 40 112 159 173 178 184 192 
57 67 82 83 89 106 108 173 188 
54 60 69 87 109 120 155 170 179 
40 45 69 77 102 112 150 158 184 
46 51 96 100 113 142 157 181 189 
16 39 46 55 81 111 112 123 137 
19 20 28 44 58 60 68 102 174 
2 57 86 150 151 161 164 169 190 
9 44 79 107 116 124 134 146 170 
16 25 32 71 74 92 126 185 196 
23 39 44 50 109 139 160 167 190 
27 55 58 91 116 160 190 196 197 
60 61 65 91 105 130 151 155 173 
20 30 57 59 82 86 171 180 186 
15 22 62 73 75 130 135 159 174 
27 29 70 109 132 141 145 146 176 
1 16 39 60 156 162 167 174 194 
2 19 75 84 85 88 144 171 197 
3 74 79 85 112 113 120 138 173 
41 52 97 107 112 126 127 130 154 
7 23 78 103 104 105 112 149 185 
20 73 107 121 153 156 160 184 193 
10 12 55 73 77 149 162 177 187 
40 57 88 102 124 146 148 150 167 
6 17 30 32 39 65 133 147 148 
11 96 120 125 148 150 154 186 194 
31 63 94 130 131 136 142 184 193 
1 47 64 88 89 90 113 124 126 
49 53 69 72 85 111 112 148 151 
3 24 56 90 111 148 157 170 172 
31 41 42 45 47 90 112 153 168 
1 11 78 100 113 123 163 171 174 
25 41 54 70 141 158 161 171 184 
12 37 57 120 123 132 139 162 171 
8 19 59 75 90 92 133 147 194 
3 49 72 79 96 104 140 166 185 
40 43 49 92 111 116 147 150 169 
31 62 77 97 101 109 114 118 158 
0 6 25 35 43 56 75 95 97 
6 22 44 58 92 101 136 191 194 
11 27 33 76 82 89 103 125 181 
3 11 58 86 100 138 148 159 194 
17 49 75 78 95 101 138 139 155 
1 20 29 67 83 84 131 193 197 
56 75 86 100 129 135 146 173 196 
0 15 33 42 92 130 145 148 157 
7 24 84 119 141 151 157 168 190 
8 50 75 81 82 83 117 134 137 
14 43 48 58 61 120 135 137 141 
41 52 78 90 94 121 132 142 164 
29 49 50 64 66 83 91 138 152 
50 82 90 115 116 121 127 130 162 
2 15 31 59 75 92 102 180 186 
20 21 35 43 54 72 132 181 188 
12 26 71 111 132 148 172 185 186 
3 9 14 40 50 75 89 162 179 
56 61 77 78 104 121 164 168 182 
60 87 101 113 170 175 187 191 197 
15 48 81 83 99 106 119 136 163 
2 13 59 69 80 121 130 139 140 
0 8 16 37 53 56 84 104 150 
7 13 26 48 50 68 87 93 177 
2 8 11 74 75 119 127 136 163 
6 7 76 96 101 126 137 140 167 
6 29 74 82 89 118 122 136 175 
1 10 48 66 91 103 132 142 194 
29 96 98 114 130 133 152 162 192 
3 24 27 78 83 87 100 145 182 
23 24 30 34 100 104 156 171 192 
27 36 51 79 81 83 93 171 177 
7 48 52 54 61 80 102 125 179 
21 35 49 61 71 97 132 152 195 
17 62 69 72 81 104 132 139 152 
63 65 83 87 93 97 108 114 150 
13 17 69 110 144 152 175 182 187 
19 35 61 79 96 116 134 136 157 
41 72 97 134 140 165 184 191 192 
12 18 54 83 112 113 149 154 191 
60 65 66 73 95 129 131 156 179 
10 58 106 112 135 145 156 169 186 
38 40 62 70 78 92 157 167 186 
14 51 69 87 100 101 110 119 145 
11 18 86 111 128 139 167 187 193 
14 30 42 51 97 98 107 152 180 
24 90 102 113 125 169 171 191 195 
15 41 55 64 81 85 118 135 185 
8 9 22 31 53 95 98 102 181 
4 24 41 52 79 85 89 93 167 
15 45 93 119 123 140 146 154 165 
1 51 56 59 79 142 149 163 185 
1 11 14 18 54 90 147 164 197 
54 73 106 117 123 136 142 172 192 
14 15 72 99 104 134 154 178 189 
10 13 42 68 76 99 111 139 146 
28 38 39 96 100 117 139 145 173 
4 12 29 42 93 119 132 165 192 
13 27 29 106 108 118 149 159 191 
12 25 45 77 88 124 148 176 183 
1 20 81 84 107 130 141 145 164 
6 53 64 66 109 132 143 186 190 
74 94 96 102 106 114 136 137 138 
2 27 31 41 89 127 170 174 178 
6 79 81 128 150 177 187 190 192 
31 39 43 46 104 138 165 177 196 
11 60 114 125 127 129 130 160 177 
13 19 25 70 94 113 118 163 183 
6 45 58 107 129 132 158 176 194 
12 47 94 116 134 136 176 184 188 
13 16 43 72 80 106 138 190 193 
68 85 95 103 136 139 142 160 184 
52 68 74 95 96 132 151 168 191 
16 23 44 55 56 68 118 124 136 
0 20 51 55 90 131 140 154 162 
22 42 68 77 101 114 143 179 195 
91 95 106 129 133 139 172 184 192 
8 15 19 26 70 82 145 164 181 
19 51 59 105 139 145 148 157 185 
5 15 39 82 84 129 134 145 154 
7 96 110 119 121 128 145 178 194 
7 24 53 58 96 97 134 150 192 
33 54 65 81 120 124 169 174 193 
52 87 88 103 106 114 140 174 195 
66 102 111 112 116 119 158 169 186 
20 23 55 81 92 96 145 173 188 
8 10 28 46 65 103 170 172 180 
60 62 68 83 94 104 118 140 149 
13 57 59 140 144 154 157 174 193 
19 27 52 61 86 93 102 117 166 
19 81 83 88 119 122 131 143 178 
13 15 62 108 117 122 126 141 189 
61 89 96 132 135 143 163 182 196 
11 13 39 67 77 121 145 171 178 
17 37 39 100 147 148 153 156 172 
3 45 54 63 110 148 158 175 196 
63 82 96 111 116 140 151 178 194 
28 43 52 55 61 85 108 146 175 
9 13 36 76 85 128 132 163 164 
1 41 65 67 75 118 147 180 183 
7 31 38 72 81 100 120 177 183 
17 31 46 57 62 107 150 151 155 
0 7 13 15 38 39 81 166 170 
38 60 69 77 88 111 124 133 186 
13 15 32 50 126 136 142 153 182 
1 14 35 43 77 78 121 165 183 
26 40 49 82 86 88 133 137 173 
6 34 71 83 84 93 116 117 140 
2 10 66 81 83 85 94 101 181 
43 53 55 65 114 127 141 167 173 
3 5 23 133 138 162 182 194 197 
12 41 53 55 91 119 122 175 197 
8 16 39 68 75 80 98 165 171 
6 24 40 56 93 116 117 161 169 
21 60 69 82 101 121 174 178 193 
11 36 53 67 112 121 130 152 165 
29 47 81 128 137 172 190 192 197 
10 45 72 84 93 118 167 181 184 
15 59 72 94 98 107 127 186 194 
41 54 59 61 70 72 85 139 190 
50 54 72 95 114 118 185 189 193 
42 50 62 92 127 170 174 176 179 
37 63 89 123 134 144 152 161 179 
12 30 47 55 75 89 118 148 183 
38 40 72 91 95 154 161 192 197 
4 15 19 34 99 100 101 116 166 
15 41 73 84 135 165 169 179 194 
4 72 109 133 139 147 159 181 188 
33 34 35 65 77 149 155 161 172 
20 48 84 102 108 117 141 154 167 
15 21 60 104 106 112 171 178 182 
16 28 51 78 113 122 158 185 195 
42 45 65 72 78 88 119 169 181 
40 54 63 70 79 82 88 145 157 
2 12 46 111 115 134 144 169 182 
41 49 71 74 83 88 111 156 183 
15 35 76 153 160 173 185 192 193 
22 38 101 107 152 153 172 178 179 
25 51 68 69 86 144 149 168 187 
61 96 102 111 118 139 178 184 196 
2 35 41 58 102 120 132 139 186 
12 47 62 94 109 168 171 187 193 
38 73 94 95 106 124 136 159 194 
5 13 20 40 44 51 151 165 191 
6 52 64 110 111 124 171 174 179 
30 63 76 88 119 132 154 184 192 
1 39 47 48 82 146 169 177 184 
4 15 21 32 40 84 110 168 175 
1 12 26 34 43 67 116 126 182 
1 10 41 63 84 94 102 141 166 
17 69 80 83 87 90 159 186 192 
19 36 55 58 78 91 100 178 185 
43 73 79 88 102 147 148 179 188 
1 31 98 125 146 152 158 161 165 
11 26 56 65 69 86 87 125 165 
8 21 65 75 116 144 171 174 176 
17 35 37 77 83 112 134 149 197 
8 17 20 49 50 65 102 123 157 
6 20 23 75 85 89 125 158 188 
10 71 80 120 144 158 183 184 190 
5 7 10 31 62 87 91 105 161 
12 18 50 84 93 98 113 143 179 
45 46 57 72 83 163 165 180 190 
10 56 63 79 84 100 126 160 167 
50 58 59 60 102 107 130 135 143 
36 42 50 54 65 79 116 155 189 
1 45 67 80 81 89 109 122 182 
11 21 33 37 66 98 100 194 196 
47 55 74 118 138 143 158 182 184 
3 5 32 111 135 139 161 173 177 
3 26 62 82 85 89 124 159 186 
15 21 28 101 129 182 190 192 194 
40 47 56 72 118 150 167 184 196 
29 34 40 55 66 91 127 134 162 
38 51 82 99 121 125 142 177 188 
40 56 68 75 79 121 136 154 159 
7 9 39 40 48 79 119 122 126 
29 40 61 79 80 101 119 157 164 
14 20 21 34 55 68 74 96 140 
5 61 78 95 121 123 155 193 196 
96 103 116 131 142 151 170 181 186 
19 35 44 92 130 138 144 190 196 
2 27 80 82 127 133 150 187 194 
26 27 68 71 72 89 95 190 191 
7 42 91 105 107 141 150 185 195 
37 53 67 69 74 83 126 175 177 
22 43 45 76 99 127 186 190 196 
18 36 101 107 134 162 177 180 183 
46 63 82 101 108 136 143 185 193 
18 27 107 137 155 156 169 176 178 
0 14 57 82 84 91 123 147 174 
20 53 55 106 107 111 134 150 151 
3 7 29 38 48 68 169 184 193 
21 25 35 47 89 117 122 126 127 
10 27 38 66 72 86 176 179 180 
5 26 118 124 164 174 188 194 195 
21 42 110 119 153 154 157 163 170 
5 6 13 30 40 83 99 161 172 
1 59 73 83 84 88 97 112 130 
21 30 94 104 157 163 165 175 180 
0 26 34 44 48 118 169 184 191 
41 42 52 54 96 142 174 180 182 
23 24 26 79 84 96 113 144 145 
10 11 20 30 44 56 116 142 178 
3 9 23 47 56 59 63 133 136 
15 41 48 55 60 87 88 125 148 
3 26 48 51 53 89 92 95 115 
19 71 78 113 118 148 158 181 195 
10 18 23 63 71 133 155 164 175 
2 67 116 140 149 151 185 193 195 
16 18 21 42 54 62 73 133 163 
13 23 71 91 93 112 153 173 186 
16 21 103 106 114 122 133 146 178 
60 62 68 117 122 137 142 151 166 
4 38 39 85 127 169 177 181 194 
13 35 40 50 97 115 128 131 188 
14 25 26 31 42 120 144 162 177 
46 58 88 90 113 146 157 174 193 
25 68 77 79 87 97 98 106 112 
32 38 54 87 97 125 129 157 161 
14 30 44 50 66 120 130 148 149 
19 42 53 81 141 147 153 159 189 
19 20 26 31 44 108 160 179 188 
42 79 81 87 92 101 120 122 130 
9 11 17 29 105 130 158 178 194 
8 46 112 120 121 128 155 174 182 
36 52 58 99 112 121 140 150 189 
15 25 32 34 85 94 119 122 136 
13 71 91 94 119 125 128 138 196 
10 17 36 77 133 147 157 167 190 
26 39 42 52 65 78 160 171 188 
29 43 60 85 91 107 110 141 160 
12 31 34 79 105 121 137 151 188 
14 16 22 50 58 64 72 153 192 
14 48 63 75 122 131 134 152 161 
35 41 59 89 101 117 136 156 163 
1 3 20 25 68 79 80 153 186 
31 70 79 83 134 142 155 181 188 
38 44 81 96 104 112 120 125 182 
39 92 94 125 133 148 149 163 174 
10 25 58 64 80 106 152 161 164 
17 61 64 84 90 115 158 182 187 
25 78 104 124 126 143 164 171 196 
30 46 64 90 106 131 139 174 182 
65 95 133 144 145 164 178 180 186 
7 44 48 58 84 94 110 172 186 
8 16 27 51 141 146 179 182 184 
32 42 80 96 115 148 163 180 191 
5 12 45 61 120 139 152 184 196 
11 15 17 39 50 101 108 154 156 
28 54 57 73 78 95 116 119 183 
34 58 64 66 79 82 84 167 186 
72 78 111 116 118 132 145 159 190 
16 25 64 93 111 117 122 188 197 
14 18 31 76 86 108 169 175 185 
6 16 40 70 91 132 145 185 189 
34 62 87 138 166 167 181 189 197 
71 85 103 158 164 167 188 193 196 
18 22 55 83 102 119 129 133 197 
40 91 106 129 137 143 161 163 180 
3 14 94 102 143 145 148 152 193 
14 49 66 76 128 133 167 168 173 
39 60 71 76 106 110 114 116 182 
35 51 60 80 108 147 152 174 195 
28 43 68 119 138 157 165 179 190 
7 69 108 119 156 171 180 183 193 
54 70 82 85 98 129 146 158 193 
21 47 52 93 96 111 126 144 145 
4 9 48 51 81 92 95 146 187 
8 45 57 64 82 85 118 120 187 
9 18 26 37 74 94 99 119 154 
42 50 94 97 115 134 169 180 197 
8 19 60 119 121 132 134 142 162 
2 17 34 55 61 113 131 168 185 
11 24 41 113 115 129 145 159 193 
5 32 47 48 54 85 98 173 179 
19 48 81 92 95 101 111 125 179 
3 13 14 51 80 94 116 123 129 
25 30 81 96 97 125 142 167 178 
4 15 66 87 91 139 168 174 186 
46 55 60 64 66 80 105 171 188 
45 69 93 95 128 129 134 145 183 
6 15 28 33 72 108 131 168 195 
8 125 131 163 170 172 174 190 192 
11 30 44 55 59 89 121 153 169 
19 49 62 63 68 71 117 120 168 
7 18 98 113 122 151 154 155 194 
25 33 58 73 94 118 144 172 187 
28 46 58 69 79 149 155 161 169 
44 79 112 128 153 165 168 171 197 
1 38 44 60 105 113 127 176 193 
0 7 38 59 69 132 164 172 181 
39 51 57 64 68 76 92 167 177 
14 37 47 58 78 128 168 179 184 
5 20 47 52 58 65 73 156 163 
11 72 96 101 104 135 177 193 196 
11 36 62 79 87 95 107 123 137 
76 107 110 142 143 155 160 174 193 
26 37 54 82 87 115 159 175 186 
21 26 53 92 114 131 157 159 179 
7 40 82 84 90 162 176 190 191 
59 69 73 76 89 99 106 139 162 
48 55 86 101 108 132 144 158 173 
5 8 17 57 67 115 130 160 180 
2 4 58 64 70 74 80 152 182 
23 38 60 62 66 91 92 105 123 
19 34 48 49 90 94 147 177 189 
1 17 28 41 56 67 89 139 141 
0 13 143 158 159 161 182 185 188 
5 54 98 111 124 128 152 162 196 
62 69 72 89 98 120 142 185 192 
7 18 53 54 63 110 142 162 165 
11 18 45 55 75 147 161 164 182 
50 53 105 113 123 143 168 170 181 
0 6 59 104 108 111 124 128 166 
16 44 53 61 84 94 115 122 191 
15 44 45 69 86 109 118 127 159 
42 71 92 95 127 128 138 144 151 
15 29 94 107 113 131 137 155 173 
11 20 22 59 82 86 103 156 187 
45 51 60 72 118 144 163 180 196 
46 50 80 99 154 166 169 182 193 
17 61 66 87 97 126 159 167 172 
13 16 28 38 63 112 121 150 163 
16 71 76 78 91 94 99 106 175 
27 59 72 115 149 154 171 175 197 
51 67 77 85 100 160 172 175 196 
52 56 61 100 117 119 153 158 165 
1 11 55 87 97 105 146 185 186 
45 48 77 115 116 128 173 176 179 
23 27 37 39 92 129 144 146 153 
42 46 118 125 126 138 161 169 192 
12 52 56 76 119 159 168 179 194 
3 15 37 80 101 109 113 114 166 
16 23 32 51 86 158 165 178 196 
2 18 52 53 64 87 97 144 167 
8 44 141 143 159 173 175 177 193 
22 41 78 123 138 141 151 154 188 
9 28 56 78 84 112 143 183 184 
7 23 57 61 117 122 130 143 181 
9 26 34 37 51 57 78 90 196 
1 18 35 41 101 127 152 184 193 
53 74 90 93 102 141 142 144 163 
23 37 51 56 90 98 160 177 193 
11 15 42 45 70 76 172 175 184 
30 64 68 109 112 129 132 175 196 
21 33 42 50 56 84 112 114 123 
4 11 69 105 131 135 161 171 181 
14 19 23 24 148 158 167 180 181 
49 84 99 128 137 145 163 174 179 
0 37 42 83 87 94 127 176 180 
6 15 23 24 28 120 161 183 191 
77 84 86 87 93 99 158 168 180 
40 44 49 72 113 133 155 163 167 
24 58 98 100 103 121 155 174 191 
12 15 25 33 42 68 77 113 132 
5 68 71 83 94 110 111 120 197 
19 36 40 44 64 125 148 172 192 
9 10 20 35 58 71 82 146 193 
22 47 86 92 142 150 165 175 181 
18 27 69 76 92 111 119 153 184 
36 51 105 121 136 143 171 189 197 
1 22 31 82 88 117 123 158 185 
1 44 48 52 79 100 103 155 185 
25 68 72 78 123 137 160 181 185 
28 66 98 103 112 169 175 184 186 
14 30 39 41 69 79 135 168 177 
8 22 50 59 61 71 107 179 187 
49 53 61 63 87 110 167 180 184 
56 61 86 99 108 125 148 158 165 
24 47 83 86 96 99 172 183 197 
5 9 13 55 103 120 148 164 180 
58 59 69 94 100 105 128 183 190 
24 41 64 67 93 100 179 183 188 
12 41 102 116 132 147 148 184 187 
15 26 88 89 114 131 141 147 171 
5 21 45 50 68 73 125 153 195 
7 57 71 108 109 164 172 175 194 
11 22 40 87 146 166 172 174 193 
16 50 59 68 70 86 106 118 136 
26 53 80 81 87 129 180 189 194 
16 28 30 31 68 76 79 98 147 
21 27 47 59 103 126 132 188 194 
9 34 73 102 128 130 145 149 196 
0 23 75 83 89 92 105 138 151 
13 18 28 73 113 120 144 180 193 
18 33 60 89 107 124 125 130 197 
17 31 100 101 126 136 154 180 188 
10 13 53 61 89 92 148 158 167 
38 63 83 100 105 125 127 143 159 
7 35 73 92 102 119 140 177 194 
3 69 73 82 100 171 176 182 191 
1 17 42 129 138 141 150 156 159 
0 18 56 70 99 118 139 165 168 
40 50 65 91 107 149 165 170 194 
15 18 21 29 35 123 134 160 197 
5 11 14 25 34 35 61 64 74 
19 66 76 93 97 100 109 127 147 
16 97 107 117 122 128 139 150 167 
2 22 41 52 90 95 113 125 194 
22 57 60 88 94 139 143 152 161 
26 31 41 58 60 122 126 130 162 
11 77 79 96 116 125 157 161 183 
14 28 46 66 69 87 158 160 192 
13 42 53 69 76 88 104 152 167 
15 43 96 104 115 138 145 157 166 
11 38 84 109 149 156 163 177 190 
7 23 86 105 131 169 191 192 195 
6 33 50 56 74 85 98 163 174 
8 14 30 93 154 167 177 187 196 
16 59 79 106 108 118 155 156 196 
6 9 30 51 54 67 96 171 181 
10 26 28 30 45 73 95 180 189 
21 47 48 65 82 148 173 175 179 
18 55 91 94 106 122 123 156 185 
53 57 58 96 129 132 155 160 172 
24 39 68 72 82 117 130 153 181 
53 77 92 108 155 159 161 168 181 
17 34 100 108 110 125 133 141 160 
7 38 40 118 127 133 165 173 178 
42 49 63 105 115 128 146 156 197 
2 17 81 99 113 140 158 166 193 
12 26 46 74 93 105 119 141 154 
0 32 60 66 93 99 119 126 175 
9 10 26 96 111 154 157 160 195 
30 33 44 45 48 72 111 119 184 
31 56 58 79 131 144 153 155 177 
30 46 73 79 83 85 96 124 131 
55 56 71 72 73 75 86 104 187 
17 47 50 70 79 81 115 149 166 
5 18 58 104 142 148 169 183 194 
17 58 74 87 93 129 149 165 194 
19 30 77 83 84 114 125 182 183 
49 72 74 123 157 171 172 173 184 
29 43 57 91 94 101 111 118 127 
49 77 89 107 122 140 159 167 172 
8 48 56 57 67 76 110 114 192 
27 55 81 106 143 150 165 179 184 
35 47 82 85 86 90 119 176 190 
20 34 42 55 69 121 173 183 188 
15 17 37 66 86 89 123 146 159 
4 9 30 76 78 88 97 157 171 
51 60 72 84 93 128 157 170 190 
16 57 85 95 144 150 167 185 190 
1 21 34 74 94 115 117 127 156 
36 60 87 88 126 143 155 165 195 
44 59 83 99 155 166 188 189 192 
18 46 51 78 101 112 139 152 164 
41 50 55 64 112 117 149 185 187 
22 75 84 91 123 131 138 147 151 
69 70 130 148 155 160 165 184 187 
17 62 76 122 125 135 136 159 172 
10 89 93 105 110 120 123 148 177 
30 71 76 84 91 94 101 106 140 
23 47 65 76 115 141 169 175 184 
16 47 68 96 110 154 165 172 176 
18 60 106 113 129 148 162 172 197 
12 29 31 37 39 46 82 131 134 
5 10 32 56 67 102 106 169 171 
76 99 105 125 126 135 141 150 166 
0 32 48 68 75 95 125 150 167 
11 19 84 86 93 95 138 188 191 
14 16 17 26 85 96 103 105 116 
21 77 85 106 115 123 124 163 189 
18 24 50 72 97 107 119 162 190 
33 43 48 107 129 140 173 183 187 
25 32 72 78 83 110 111 130 147 
30 39 55 95 106 151 167 173 194 
28 30 59 62 78 93 119 122 168 
6 25 32 35 56 99 111 113 166 
8 20 30 84 89 99 131 146 149 
1 47 50 138 140 142 166 181 192 
21 44 75 85 105 141 144 155 190 
10 20 61 97 109 119 126 139 170 
14 20 37 96 118 134 150 165 181 
6 15 18 27 52 54 60 113 163 
8 23 42 68 108 127 134 139 160 
8 37 59 106 121 155 161 165 186 
36 61 83 91 131 136 167 170 179 
7 53 55 62 81 88 137 138 181 
27 37 47 74 111 122 164 190 196 
6 13 49 61 88 100 154 162 164 
2 21 50 64 80 82 90 97 195 
65 68 88 106 114 115 133 141 145 
19 43 85 91 100 102 109 159 191 
31 36 61 64 118 131 166 181 188 
29 32 35 59 74 96 165 166 173 
23 32 42 59 63 66 108 135 180 
35 45 51 54 58 107 113 138 194 
37 42 52 54 122 123 138 171 174 
47 56 68 75 95 151 164 181 191 
22 43 55 69 85 93 108 167 171 
15 41 65 70 72 80 88 152 184 
37 59 93 117 159 165 174 176 186 
2 27 35 92 96 115 155 160 165 
42 67 69 129 152 158 161 171 180 
23 32 87 96 122 126 138 158 188 
57 61 62 93 95 123 124 164 177 
14 16 103 107 139 147 158 178 192 
0 23 32 33 51 83 129 134 155 
21 61 65 85 93 102 138 153 162 
15 23 32 82 88 109 151 166 173 
6 65 69 138 158 159 167 169 188 
54 96 111 139 140 182 193 195 197 
28 43 70 74 78 108 126 138 172 
3 25 43 69 89 123 131 161 180 
9 24 27 32 134 161 165 179 186 
30 39 52 69 94 126 152 175 181 
13 34 39 85 115 121 133 162 186 
6 43 65 89 95 118 130 166 183 
38 44 47 58 92 117 129 165 175 
22 24 36 41 57 87 99 185 195 
5 7 32 39 52 70 112 125 195 
7 43 61 73 75 120 160 189 195 
20 55 68 84 102 105 114 132 159 
37 44 53 56 58 69 136 154 182 
1 23 47 78 107 119 136 140 179 
25 29 38 104 126 131 150 159 180 
12 65 90 129 134 138 147 166 191 
17 45 57 111 116 140 159 172 188 
41 64 68 98 132 143 149 165 169 
18 53 96 98 104 162 173 174 189 
31 34 46 68 84 117 159 180 196 
26 55 90 94 102 131 139 154 186 
34 43 63 79 105 139 156 162 195 
1 23 61 74 99 115 118 134 188 
7 9 16 82 109 143 145 165 177 
11 18 26 40 78 104 109 115 173 
51 76 92 127 131 141 149 157 159 
0 47 66 73 83 85 107 129 168 
15 46 97 106 120 127 168 170 181 
16 33 63 131 140 156 165 170 174 
6 75 81 88 92 104 159 170 176 
2 45 52 73 91 109 125 127 191 
2 16 88 104 119 129 169 177 183 
2 20 34 95 96 131 135 153 164 
8 27 51 74 102 114 117 164 186 
13 27 45 96 101 105 110 159 191 
31 44 116 130 133 147 175 184 185 
43 53 56 57 66 107 160 161 176 
15 30 37 109 110 112 138 145 193 
21 25 49 73 80 88 152 176 185 
108 136 146 159 165 173 180 188 189 
18 21 80 108 128 130 136 153 158 
16 47 56 74 84 110 147 182 184 
53 65 88 96 130 146 159 179 191 
13 58 73 78 97 105 148 192 193 
23 67 79 89 95 115 119 130 144 
59 66 70 71 74 98 153 169 191 
14 63 71 77 89 123 126 148 150 
14 31 40 42 45 56 84 95 167 
11 76 81 126 142 145 147 152 189 
33 39 51 67 86 105 134 152 192 
7 16 38 58 101 102 131 137 185 
62 70 76 85 87 106 109 153 162 
9 12 19 22 80 87 141 155 171 
21 22 49 105 115 124 136 172 182 
25 80 84 89 95 110 116 164 170 
26 33 77 89 99 138 171 179 197 
23 27 63 72 82 119 137 145 183 
7 16 24 47 49 50 136 159 194 
3 45 97 114 115 124 156 192 195 
1 78 94 111 114 144 156 173 184 
26 27 104 108 116 118 122 155 174 
53 56 78 86 126 128 163 164 178 
22 64 68 78 81 107 155 189 190 
44 105 107 119 122 124 152 185 193 
16 21 22 24 38 44 91 108 192 
13 36 49 51 81 99 104 156 167 
0 23 53 67 77 79 86 133 150 
2 29 42 62 92 125 149 180 197 
2 18 34 61 87 91 112 177 189 
0 1 42 87 92 147 173 185 195 
17 44 83 87 98 102 155 164 197 
16 33 37 43 107 108 117 131 160 
6 74 80 88 105 137 160 191 193 
23 25 55 65 82 134 166 186 188 
8 30 63 70 91 119 150 151 194 
5 8 13 58 86 102 103 149 156 
25 60 81 89 155 161 162 173 197 
42 73 88 94 101 105 136 146 179 
12 46 96 102 138 143 164 178 190 
44 54 63 70 126 156 181 185 196 
7 27 58 100 103 122 132 178 193 
46 103 116 129 158 161 167 186 189 
5 27 34 35 39 99 106 117 164 
27 51 52 82 88 94 104 125 190 
8 31 87 99 116 125 148 158 186 
9 19 28 42 57 60 67 148 179 
17 56 75 98 109 137 154 165 194 
0 34 49 50 55 57 63 170 193 
27 59 62 86 99 102 133 150 197 
17 26 33 48 110 122 136 154 164 
13 15 62 68 70 83 108 129 149 
19 26 41 42 43 119 141 154 182 
14 28 47 60 79 92 115 153 175 
1 8 36 38 49 84 116 128 149 
31 32 37 50 159 166 172 176 197 
20 50 105 120 123 133 138 154 168 
44 69 100 123 132 136 151 166 195 
39 51 60 66 77 107 111 128 177 
1 11 81 110 115 137 156 189 195 
17 84 88 94 101 122 135 145 195 
32 58 108 124 133 136 157 162 167 
10 76 94 108 135 136 178 182 197 
13 24 98 119 129 131 169 176 182 
22 28 50 63 81 94 107 176 190 
83 94 95 99 110 136 144 189 192 
34 53 72 73 113 118 150 156 182 
16 37 85 97 122 157 165 171 187 
32 50 55 72 81 91 111 127 158 
9 82 109 131 148 159 165 172 185 
31 39 77 136 139 140 142 156 178 
14 63 64 66 109 142 145 167 190 
7 21 36 63 87 107 143 151 179 
41 49 76 96 103 107 144 186 187 
13 63 96 100 105 109 121 140 176 
24 38 57 103 121 122 139 170 175 
18 35 47 52 106 121 134 142 169 
4 42 66 135 136 158 168 176 185 
3 39 71 127 139 153 175 188 193 
5 8 19 109 115 140 157 182 196 
28 34 70 87 123 146 152 161 166 
6 89 91 99 119 125 170 171 180 
27 90 92 103 105 109 110 130 188 
8 34 39 49 62 94 108 117 150 
20 21 129 135 163 173 185 192 193 
5 15 45 93 110 121 151 158 187 
16 24 58 93 97 137 150 169 178 
0 6 71 81 150 177 181 183 184 
5 25 39 71 138 139 170 173 196 
12 25 31 43 174 177 183 189 196 
26 40 50 52 53 58 91 142 150 
28 33 69 95 113 129 142 180 188 
20 58 71 95 113 133 158 184 191 
10 68 83 93 108 122 156 166 194 
8 22 41 59 85 91 97 145 196 
2 10 30 47 53 77 145 179 191 
28 45 51 62 80 93 112 161 175 
0 47 64 72 88 92 166 167 174 
2 45 50 68 110 118 125 192 194 
4 24 37 91 107 108 115 135 146 
10 27 41 66 88 130 135 170 193 
17 22 35 108 128 130 149 176 193 
24 48 78 115 124 137 150 173 196 
1 30 35 86 92 109 120 153 170 
7 26 43 55 70 164 177 191 193 
6 37 39 41 50 74 144 155 156 
1 59 60 67 94 128 145 184 190 
4 38 77 79 113 125 139 152 160 
48 53 60 118 122 139 173 187 192 
22 96 97 140 164 173 176 196 197 
38 78 91 114 134 145 149 158 163 
4 16 51 96 117 148 156 163 183 
33 71 74 119 122 171 173 189 195 
25 28 41 75 84 93 105 162 172 
34 46 73 79 111 113 149 162 193 
6 21 50 57 68 123 136 176 193 
46 53 89 116 121 132 150 179 193 
3 4 16 33 77 107 164 171 182 
35 48 56 76 127 131 164 172 194 
10 39 48 71 100 168 171 183 193 
15 19 22 51 65 87 119 160 186 
2 69 70 99 129 144 154 178 187 
12 16 51 69 94 97 109 131 178 
8 16 24 61 84 91 129 157 189 
27 30 48 68 95 97 132 139 194 
0 28 77 81 87 121 130 153 156 
24 34 51 81 107 130 145 176 193 
9 23 54 90 108 128 134 146 192 
20 37 56 97 136 162 173 187 196 
24 58 68 72 77 119 122 125 170 
23 33 47 54 65 77 87 152 182 
3 6 34 36 98 114 115 116 165 
17 19 106 130 132 137 171 179 184 
31 51 60 105 107 123 147 158 171 
5 75 99 103 128 149 161 172 194 
2 54 63 101 105 110 148 170 183 
9 22 24 47 57 153 161 173 182 
18 49 70 71 89 96 98 123 152 
34 56 67 105 138 154 158 178 181 
11 46 54 95 112 118 143 157 167 
53 76 77 92 96 103 115 116 141 
3 25 95 113 116 122 153 167 179 
17 37 77 92 126 131 145 155 176 
2 3 7 23 60 92 123 128 143 
15 23 54 70 83 92 140 151 156 
1 3 36 40 58 112 147 182 189 
1 10 40 62 113 134 163 171 194 
1 7 34 74 103 115 148 155 161 
10 16 63 80 107 112 165 170 172 
15 45 95 98 99 126 153 159 177 
28 33 36 53 56 85 174 181 186 
5 35 58 59 61 73 94 102 104 
21 27 44 71 127 150 158 171 179 
0 1 19 21 68 83 119 129 137 
0 17 52 56 121 151 152 155 184 
3 14 18 87 114 115 169 184 189 
31 72 84 96 119 140 147 152 182 
22 65 77 118 120 121 175 176 183 
11 16 30 50 63 123 134 180 184 
11 25 28 50 58 59 151 186 188 
40 75 77 89 91 99 118 122 134 
7 15 40 41 68 133 166 179 197 
6 10 11 40 47 48 92 98 192 
2 20 47 61 87 98 104 112 171 
5 82 110 121 130 155 160 162 166 
8 36 52 53 81 90 120 156 189 
24 34 47 73 87 93 145 151 188 
4 11 19 42 76 89 98 111 148 
5 9 12 27 65 95 111 171 196 
4 76 106 113 134 135 166 179 195 
22 31 37 39 54 111 123 142 145 
87 99 117 134 144 175 181 185 197 
28 50 60 107 113 135 142 167 170 
49 71 73 86 104 158 160 178 192 
51 57 58 86 93 95 123 140 177 
31 59 92 104 106 143 148 158 166 
6 38 39 84 90 103 109 123 132 
22 93 106 114 119 129 137 147 148 
11 14 26 45 55 64 102 134 179 
16 19 45 48 86 93 135 145 162 
10 28 32 92 98 127 155 165 168 
44 101 113 137 148 156 157 186 191 
31 43 66 82 84 96 98 117 140 
3 21 32 34 70 120 129 140 143 
4 38 41 58 67 111 132 139 160 
1 13 20 38 48 50 51 74 128 
67 71 89 99 105 111 112 127 137 
1 26 42 48 109 162 163 164 186 
0 1 18 31 72 112 139 143 181 
11 16 41 57 132 140 141 151 173 
22 57 70 73 78 80 89 110 173 
62 87 110 115 139 147 156 161 184 
8 11 13 40 67 120 151 161 196 
31 61 68 83 94 97 107 125 152 
6 29 46 60 86 105 108 123 138 
2 21 26 30 33 75 90 117 154 
6 9 27 89 100 101 112 171 197 
8 15 89 91 93 109 112 135 139 
7 71 73 93 114 116 126 156 196 
12 24 29 85 89 134 160 171 193 
44 47 51 63 77 126 148 164 178 
25 39 52 74 96 107 125 156 174 
13 20 27 71 80 126 142 156 178 
8 40 64 98 106 117 144 149 190 
14 23 51 57 85 127 168 170 172 
16 39 40 53 71 142 146 147 167 
40 88 101 118 127 130 140 188 190 
1 13 54 89 123 161 166 182 186 
5 9 60 69 92 104 123 129 192 
9 49 68 88 114 118 158 193 195 
55 67 69 92 96 108 131 136 144 
63 110 114 138 146 150 163 178 185 
14 47 52 67 72 92 100 176 195 
33 84 100 124 154 173 180 182 191 
39 81 86 116 118 127 141 171 174 
2 45 46 65 89 94 102 111 178 
2 29 44 63 71 77 120 171 176 
2 47 60 98 112 120 141 176 188 
51 55 74 86 117 169 171 176 186 
